  1:	0.026  0.973  0.001	12
  2:	0.139  0.003  0.858	16
  3:	0.190  0.494  0.317	5

  1:	0.026  0.973  0.001	12
  2:	0.139  0.003  0.858	16
  3:	0.188  0.494  0.317	5

  1:	0.973  0.026  0.001	12
  2:	0.003  0.139  0.858	16
  3:	0.494  0.189  0.317	5

  1:	0.973  0.001  0.026	12
  2:	0.003  0.859  0.138	16
  3:	0.494  0.317  0.189	5

  1:	0.001  0.026  0.973	12
  2:	0.858  0.138  0.003	16
  3:	0.317  0.189  0.494	5

