  1:	0.013  0.973  0.001  0.013	12
  2:	0.075  0.002  0.854  0.069	16
  3:	0.072  0.493  0.315  0.120	5

  1:	0.012  0.015  0.001  0.972	12
  2:	0.070  0.071  0.856  0.003	16
  3:	0.096  0.094  0.317  0.493	5

  1:	0.015  0.973  0.001  0.012	12
  2:	0.074  0.002  0.854  0.069	16
  3:	0.118  0.493  0.317  0.072	5

  1:	0.001  0.011  0.015  0.973	12
  2:	0.854  0.076  0.068  0.003	16
  3:	0.316  0.079  0.111  0.494	5

  1:	0.007  0.020  0.001  0.973	12
  2:	0.047  0.098  0.853  0.002	16
  3:	0.077  0.119  0.313  0.491	5

